uniform	notUniform	lowCap	lowCap2

0.00035199999999999815	0.000338999999999999	0.0002539999999999973	0.00024300000000000016
0.0006609999999999949	0.0007660000000000028	0.0005980000000000013	0.0004750000000000032
0.0009760000000000046	0.0009759999999999908	0.0008309999999999984	0.0007470000000000115
0.0013290000000000107	0.0013149999999999967	0.0011089999999999989	0.0010479999999999934
0.0020809999999999995	0.0018910000000000038	0.0013360000000000039	0.0012890000000000124
0.0021639999999999993	0.0022890000000000132	0.001587000000000005	0.0015380000000000116
0.0022909999999999875	0.0024139999999999717	0.0018610000000000015	0.0018920000000000048
0.0029879999999999907	0.002948000000000006	0.002163000000000026	0.0020939999999999848
0.0029699999999999727	0.0032139999999999946	0.002367000000000008	0.0022760000000000002
0.003312999999999955	0.003611000000000031	0.002661999999999942	0.0025100000000000122
0.003858000000000028	0.00365099999999996	0.0032640000000000446	0.002813999999999983
0.00448599999999999	0.003958999999999935	0.003282999999999925	0.003183000000000047
0.004388999999999976	0.004471000000000003	0.0037330000000000974	0.0033050000000000024
0.0050560000000000604	0.0046599999999999975	0.0040719999999999645	0.003514000000000017
0.005210000000000048	0.005211999999999994	0.004161999999999999	0.0038650000000000073
0.005464000000000135	0.006135999999999919	0.005338000000000065	0.0044359999999998845
0.006177000000000099	0.005808999999999953	0.004967999999999861	0.004288999999999987
0.006288999999999989	0.006213000000000024	0.005093000000000014	0.005004999999999926
0.006590000000000096	0.006332000000000004	0.005423999999999873	0.004806000000000088
0.007196999999999898	0.007113000000000147	0.005481999999999987	0.005481000000000069
0.007576999999999945	0.008589999999999876	0.006010999999999989	0.005383999999999833
0.008426000000000045	0.009081000000000117	0.006199000000000066	0.006825000000000081
0.008448999999999707	0.008067999999999742	0.006513999999999687	0.006040000000000045
0.00850300000000015	0.008806000000000314	0.007044999999999746	0.006407000000000274
0.008799000000000223	0.00889300000000004	0.0073270000000000834	0.006902000000000186
0.010022000000000197	0.008868999999999794	0.012121000000000048	0.007864000000000093
0.009351999999999805	0.009670999999999985	0.007652000000000214	0.008396999999999988
0.00975000000000037	0.00982399999999961	0.007658000000000165	0.007624999999999993
0.011074999999999946	0.010093999999999603	0.00842300000000007	0.00835499999999989
0.01121799999999995	0.010863000000000511	0.008930999999999578	0.008119999999999905
0.011345000000000383	0.010601999999999556	0.00900300000000076	0.008397000000000432
0.01161600000000007	0.011173999999999573	0.00910299999999964	0.008257000000000403
0.011363000000000234	0.011724000000000068	0.00992200000000043	0.009238999999999997
0.012938000000000116	0.012424000000000213	0.009763999999999662	0.008926000000000656
0.012011000000000216	0.01282899999999998	0.010151999999999717	0.009210000000000385
0.012795999999999808	0.012470999999999677	0.010000999999999927	0.009902999999999551
0.012948999999999877	0.013249000000000066	0.01126799999999939	0.010956000000000188
0.013513000000000552	0.013513000000000552	0.01100000000000012	0.010240999999999723
0.014637999999999707	0.016920000000000712	0.010936999999999308	0.010340000000000238
0.014196000000000097	0.01592099999999963	0.011732000000000298	0.01283499999999993
0.015589000000000297	0.01639899999999983	0.012649999999999828	0.011528000000000205
0.015227999999999575	0.015124000000000137	0.012775000000001313	0.011994999999998868
0.015527000000000513	0.016363000000000127	0.011995999999999896	0.01177200000000056
0.015729000000000326	0.01593599999999995	0.01393700000000031	0.014013999999999527
0.017538999999999305	0.01775299999999902	0.013740999999999559	0.012424999999998576
0.01792299999999969	0.018463999999999814	0.013043999999998945	0.013207000000001301
0.01689900000000044	0.016992000000000118	0.013660999999999035	0.012666000000001176
0.018055000000000376	0.01794899999999977	0.013764999999999361	0.012805000000000177
0.017534999999998746	0.018319999999999226	0.013963000000000392	0.0136099999999999
0.017846000000000473	0.01885099999999973	0.014668999999999599	0.014940000000001064
0.018202999999999747	0.019422999999999746	0.015430000000000277	0.016011999999999915
0.021046999999999372	0.018344000000000804	0.017538999999999305	0.01439500000000038
0.01939500000000116	0.01907500000000084	0.01528399999999941	0.014835999999998961
0.01883299999999899	0.020974000000000714	0.016761999999999944	0.016145999999999106
0.02120700000000042	0.021086000000000382	0.016951999999999856	0.015238000000000085
0.02084999999999937	0.021079000000000292	0.016175999999999746	0.01528699999999894
0.021319000000000088	0.02059500000000014	0.01666299999999943	0.015829000000000093
0.021456999999999837	0.02180399999999949	0.01717700000000022	0.015866000000000824
0.021755000000000635	0.02175999999999867	0.01794899999999977	0.01641900000000085
0.021240999999999843	0.021981999999997726	0.016955999999996862	0.01606599999999858
0.023011000000000337	0.022522999999999627	0.018889999999998963	0.0164769999999983
0.021936999999997653	0.021948000000001855	0.017974999999999852	0.016749999999998266
0.024805000000000632	0.024172999999997558	0.018181999999999476	0.017215000000000202
0.023455999999999477	0.02324000000000126	0.01838599999999957	0.01778799999999947
0.023116999999999166	0.024173999999998586	0.01838199999999901	0.017457999999997753
0.023910000000000764	0.024408000000001095	0.019755999999997442	0.017886000000000735
0.024964000000000652	0.023775000000000546	0.019216000000000122	0.018979000000001633
0.02372100000000188	0.026156999999997765	0.02030900000000102	0.020276000000002625
0.02562599999999904	0.025012000000000256	0.019576000000000704	0.019562000000000523
0.02646800000000127	0.026362999999999914	0.020464999999997957	0.01974100000000334
0.026994999999999436	0.02686000000000277	0.021604999999997432	0.019400000000000972
0.026116000000001804	0.02670400000000228	0.020649999999999835	0.01937200000000061
0.027359000000000577	0.02756000000000114	0.021063000000001608	0.019314000000001386
0.02601399999999998	0.026486999999999483	0.021587000000000245	0.02197800000000072
0.029635999999999996	0.02671799999999891	0.022498999999999825	0.020736999999996897
0.02748899999999921	0.027393	0.02212600000000009	0.021663999999997685
0.0289350000000006	0.02951799999999949	0.022030000000000882	0.02089199999999991
0.02789900000000145	0.028400000000001313	0.024089999999997502	0.02159899999999837
0.030101999999999407	0.030974999999997976	0.023999999999997357	0.020858000000000487
0.030792999999999182	0.03038500000000255	0.02433200000000113	0.022106999999998322
0.03237500000000182	0.032419000000000864	0.023773999999999518	0.022887000000000768
0.03266299999999944	0.03040200000000226	0.023524000000001877	0.022904999999997955
0.03093600000000052	0.030203999999997677	0.02356100000000083	0.02207999999999899
0.031047000000000935	0.03198300000000032	0.024664999999998827	0.0225459999999984
0.03130800000000278	0.031034999999995705	0.024743999999998323	0.022840999999999667
0.031907000000003904	0.03253300000000081	0.02706500000000034	0.023490000000002453
0.03278900000000107	0.03252099999999558	0.025310000000004607	0.023388999999994553
0.03217599999999976	0.03130199999999661	0.025590000000001112	0.023829999999996687
0.03626100000000321	0.0339570000000009	0.026226000000001193	0.02397799999999961
0.03270599999999746	0.033341000000000065	0.02541000000000082	0.02530500000000302
0.0349210000000042	0.03318499999999602	0.026258999999996036	0.02486199999999883
0.03593299999999999	0.03399999999999892	0.02762400000000298	0.024912999999997965
0.03588099999999628	0.039383000000000834	0.028163999999996747	0.026763000000002535
0.03886800000000079	0.03708499999999759	0.028050999999997828	0.025475000000000136
0.03924400000000361	0.034593000000000984	0.026884000000002573	0.025984999999998593
0.03407200000000188	0.03560600000000136	0.02746900000000352	0.027228000000000918
0.03745400000000387	0.03564099999999826	0.02843499999999466	0.027513000000006116
0.03678399999999726	0.036700999999993655	0.029806000000000665	0.028579000000000576
0.03693499999999972	0.03678399999999726	0.029255999999996618	0.027732999999997787
0.03572900000000345	0.037990000000000634	0.029505999999997812	0.029401999999997486
0.03637700000000166	0.03769300000000442	0.031030000000001223	0.027889999999999304
0.042590000000004125	0.03905300000000267	0.03199400000000452	0.027872999999999593
0.0392659999999978	0.03932900000000217	0.03215500000000304	0.027611000000000274
0.03961200000000531	0.03934000000000282	0.031387000000002274	0.02919299999999936
0.0384780000000049	0.0387229999999974	0.029603999999999075	0.028880000000000905
0.0417759999999987	0.04051199999999966	0.03079200000000526	0.029160000000004516
0.03950500000000545	0.03852399999999534	0.03505599999999731	0.031631000000004406
0.04606000000000421	0.041490000000003135	0.03257099999999724	0.028715999999995745
0.04225299999999521	0.041966999999999643	0.031115999999997257	0.029382999999995718
0.03970899999999489	0.04092699999999638	0.03230700000000297	0.029057000000001665
0.040158999999995615	0.04090699999999714	0.03183599999999842	0.029534999999995648
0.04206399999999633	0.042352000000001055	0.032223999999999364	0.029964999999997133
0.041485999999999024	0.040398000000003265	0.032374000000004344	0.03093099999999538
0.04388399999999848	0.043975000000003206	0.03655399999999531	0.032960000000002765
0.04284799999999933	0.045160000000002753	0.03343599999999469	0.03207100000000196
0.04186899999999838	0.042502999999996405	0.03482699999999994	0.03058099999999797
0.04184800000000166	0.04511200000000315	0.03670500000000487	0.03162600000000282
0.04533499999999435	0.04294199999999648	0.034179000000001736	0.03250000000000597
0.043008999999997855	0.04346400000000017	0.036067000000002736	0.03439600000000098
0.046924000000004185	0.044178999999999746	0.03550599999999804	0.03435899999999492
0.0441589999999934	0.046913000000003535	0.0355430000000041	0.03220400000000723
0.04699600000000714	0.04938700000001006	0.03840300000000241	0.03307999999999822
0.045352000000008275	0.0479569999999967	0.036664000000001806	0.0335669999999908
0.04581799999999703	0.04541299999999637	0.036128000000005045	0.03324100000000385
0.04685500000000786	0.048051000000000954	0.03665900000000022	0.03477999999999781
0.04590799999999717	0.05129300000000114	0.03701100000000679	0.03580599999999379
0.04561300000000301	0.04586700000000121	0.037801999999999225	0.03431399999999485
0.047864000000004125	0.04779299999999864	0.03752500000000225	0.035760999999993714
0.047632000000007224	0.05643499999999335	0.037360999999989986	0.03545099999999479
0.048827999999986105	0.04770600000000513	0.036664000000001806	0.03515600000000063
0.04899199999999837	0.04798699999999201	0.03821399999999642	0.03472799999998699
0.055557000000007406	0.051145000000005325	0.04073599999999544	0.035669999999996094
0.05074899999999616	0.04945000000000732	0.03798100000000204	0.03955299999999795
0.05005299999999124	0.04927200000000198	0.03866700000000378	0.0352929999999958
0.04945500000000891	0.05121300000000417	0.03907300000000191	0.03716299999999251
0.04909400000001085	0.05119100000000287	0.039514999999994416	0.03713500000000636
0.05166100000000995	0.05414700000000039	0.04226300000000549	0.03758200000000045
0.05035099999999204	0.0514220000000023	0.04095000000000937	0.03712999999999056
0.05380199999999036	0.05004699999999218	0.039373999999995135	0.03750300000000095
0.05030399999999702	0.05094199999999205	0.04059600000000785	0.03897100000000364
0.05366700000000435	0.05732100000000173	0.04326399999999353	0.03750699999999085
0.05293500000000506	0.053758999999999446	0.04209400000000585	0.03774699999999598
0.05316999999999439	0.053765999999995984	0.04138399999999365	0.0380880000000019
0.053920000000005075	0.05729799999998875	0.04340799999999945	0.040171000000000845
0.05531499999999312	0.05598100000000272	0.04309499999999389	0.04038899999999046
0.05486299999999744	0.061464999999998327	0.04252800000000434	0.04003500000000315
0.056376000000000204	0.063966999999991	0.04384600000000205	0.03998500000000149
0.06036799999999687	0.056167000000002076	0.04818799999999612	0.039586999999997374
0.055935000000005175	0.057238000000012335	0.04381999999999664	0.04068399999999883
0.05621200000000215	0.05509000000000697	0.04571200000000886	0.042074999999996976
0.057599999999993656	0.056051999999993996	0.04347900000000493	0.039940999999998894
0.05660299999999552	0.057036000000010745	0.04322500000000673	0.04023899999999969
0.05658300000000338	0.0584350000000029	0.04621699999999862	0.04171300000000144
0.05718600000000151	0.05669400000000735	0.04447799999999802	0.04255799999999965
0.05890899999999988	0.057088000000007355	0.04744999999999777	0.04220399999999813
0.06107599999999991	0.06007400000000018	0.04736199999999258	0.04248499999999922
0.05953399999999931	0.058548999999999296	0.04490299999999081	0.042731000000003405
0.05900799999999151	0.058075999999999794	0.04589099999999746	0.04274300000000153
0.05980999999999881	0.058760000000006585	0.046418000000002735	0.04425400000000934
0.059152999999994904	0.05948099999999101	0.04665400000000375	0.04405300000000523
0.06037699999998836	0.05898200000000031	0.04665500000000122	0.042803000000006364
0.059583000000003494	0.06174599999999941	0.046776000000008366	0.043037000000012426
0.06083599999999478	0.06000699999999881	0.046706999999997834	0.043250000000000455
0.06097599999999659	0.06214200000000858	0.0484170000000006	0.04354500000000883
0.06204200000000526	0.06108799999999803	0.04742600000000152	0.045142999999995936
0.06629399999999919	0.06344099999999742	0.05184799999999257	0.04424600000000112
0.06317099999999698	0.06413299999999822	0.04961299999999369	0.04576499999998873
0.06261199999998723	0.06711200000000872	0.050983999999999696	0.04424099999999953
0.06466000000000349	0.06611599999999385	0.05102500000000987	0.04620599999998376
0.06272200000000794	0.06331900000000701	0.04858600000000024	0.04602399999998852
0.06314100000000167	0.06432399999999916	0.05056899999999587	0.04483600000000365
0.06374099999999316	0.06409400000001142	0.04999900000001389	0.046229000000010956
0.06498200000001475	0.0654480000000035	0.05108300000000554	0.04577900000001023
0.06556299999999737	0.07010599999998135	0.05086800000000835	0.046570000000002665
0.06454700000000457	0.0674969999999746	0.05086399999999003	0.047663999999997486
0.06529099999997356	0.06486899999998741	0.05379300000001308	0.04673199999999156
0.07246699999998896	0.06675199999997972	0.051920999999993	0.04862800000000789
0.06931500000001733	0.06721800000002531	0.05427000000000248	0.04963700000001836
0.06605200000001332	0.06686600000000453	0.05323699999999576	0.047544999999985293
0.0674850000000049	0.07059599999999477	0.054537000000010494	0.04967400000001021
0.07091599999998266	0.06872500000000059	0.05574100000001181	0.05170800000001918
0.06918000000001712	0.07044799999999896	0.054289000000011356	0.04912100000001374
0.0676469999999938	0.07185999999998671	0.05240500000002157	0.05053300000000149
0.06921600000001149	0.07179299999998534	0.05522799999999961	0.0504799999999932
0.07018399999998337	0.06944799999999418	0.05534200000002443	0.05092400000000907
0.07528899999999794	0.0706480000000056	0.0540099999999768	0.05176900000000728
0.06952400000000125	0.06892099999998891	0.05701500000000692	0.05131200000002423
0.07222500000000309	0.07173500000001809	0.055126999999998816	0.04954800000001569
0.07166699999999082	0.07942900000000463	0.055591999999990094	0.050891000000007125
0.07334499999998911	0.07277799999999957	0.05662499999999682	0.05081400000000258
0.07105900000001952	0.09603699999999549	0.05983200000000011	0.07993099999998776
0.07230999999998744	0.07488000000000739	0.05817700000000059	0.05446399999999585
0.0751860000000022	0.07286700000000224	0.07948400000000788	0.05467899999999304
0.0792199999999923	0.09627900000000977	0.05797300000000405	0.056139000000001715
0.07628000000002544	0.07404999999999973	0.059384999999991805	0.054730000000006385
0.07456200000001445	0.07591999999999643	0.05971999999999866	0.05324600000000146
0.07380599999999049	0.07545900000002348	0.06372199999998429	0.05610799999999472
0.08050099999999816	0.0751989999999978	0.05686100000002625	0.053632999999990716
0.07615800000002082	0.07488600000002066	0.05921000000000731	0.05567700000000286
0.07514100000000212	0.07655699999997978	0.057557000000002745	0.05319199999999569
0.07921799999999735	0.07619200000002024	0.05872999999999706	0.052984000000009246
0.07732699999999681	0.07928300000000377	0.06048800000002075	0.05374100000000226
0.0786730000000091	0.07513499999998885	0.05829200000002288	0.053872000000012576
0.07576900000000819	0.0770390000000134	0.060265000000015334	0.0548780000000022
0.07724599999997395	0.07932300000001646	0.06006599999997775	0.05399500000001467
0.07743600000000583	0.07743800000000078	0.06212199999998802	0.05841399999999908
0.08113800000000992	0.07817199999999502	0.05992699999998763	0.05557799999999702
0.07930300000001012	0.0800909999999817	0.06083899999998721	0.05580199999999991
0.08612899999999968	0.08149299999999471	0.06151199999999335	0.0574630000000127
0.08073100000001432	0.08250800000001846	0.062144999999986794	0.05754399999997872
0.07788300000001414	0.08006800000001135	0.06371099999998364	0.05994699999999398
0.08092400000001021	0.0786679999999933	0.06173499999999876	0.05795999999998003
0.08187499999999659	0.08238299999999299	0.0643880000000081	0.058801000000016757
0.08291499999998564	0.08489400000001979	0.06401900000000182	0.062468999999993
0.08641299999999319	0.0882959999999855	0.06968400000002362	0.06447700000001078
0.08331199999997807	0.0912140000000079	0.07733899999999494	0.06107600000001412
0.09183500000000322	0.09207299999999918	0.06955800000000067	0.06522400000000061
0.0907839999999851	0.11471199999999726	0.07149899999998865	0.08105399999999463
0.09645399999999427	0.09806900000000951	0.06917500000000132	0.06743500000001745
0.09660800000000336	0.09317399999997633	0.08293099999997366	0.07014300000000162
0.09212999999999738	0.10028399999998783	0.08514999999999873	0.0737009999999998
0.09977500000002237	0.10287400000001412	0.0724830000000054	0.0671609999999987
0.10062700000000291	0.09690299999999752	0.07139699999999038	0.06828300000000809
0.10101699999998459	0.09891100000001529	0.0756629999999916	0.0694210000000055
0.09535099999999375	0.13186600000000226	0.11173100000002023	0.0685619999999858
0.10284899999999197	0.10295899999999847	0.07316900000000714	0.06662699999998267
0.1006840000000011	0.09822099999999523	0.081247999999988	0.0711689999999976
0.10144500000001244	0.10117099999999368	0.07629800000000841	0.09401599999998211
0.09856899999999769	0.10149899999998979	0.07707600000000525	0.06944099999998343
0.09955499999998096	0.10584600000001387	0.07746399999999198	0.06832699999998226
0.09742700000001037	0.10882100000000605	0.08467600000000175	0.0745759999999791
0.10398999999998182	0.09533199999998487	0.07906499999998573	0.07066999999997847
0.09946499999998082	0.11110999999999649	0.078550000000007	0.07292699999999286
0.10689899999999852	0.10564700000000471	0.07285799999999654	0.07236100000000079
0.10373000000001298	0.10618600000000811	0.07521900000000414	0.07346300000000383
0.10643000000001734	0.09847200000001521	0.07676100000000474	0.13309299999997393
0.10612400000002253	0.10507499999999936	0.07988499999999021	0.07155899999997928
0.10681099999999333	0.1078640000000064	0.0828019999999583	0.06952700000005052
0.10008699999997361	0.10457399999995687	0.08406000000002223	0.07783699999998817
0.10874300000000403	0.09988500000002887	0.07865900000001602	0.070966999999996
0.10696300000000747	0.10369599999995671	0.07709699999998065	0.07326499999999214
0.10538999999999987	0.10659799999996267	0.09161999999997761	0.07311799999996538
0.10341000000005351	0.10793200000000525	0.08178699999996297	0.07192699999995966
0.10346200000003591	0.11958000000004176	0.08298300000001291	0.07965599999999995
0.11094200000002274	0.11285100000003467	0.08137499999997999	0.07257300000003397
0.10484900000000152	0.10892899999998917	0.09100899999998546	0.07470699999998942
0.10680899999999838	0.10553999999996222	0.1134930000000054	0.10809299999999666
0.1741800000000353	0.10599099999996042	0.07746600000001536	0.07937299999997549
0.11196200000000545	0.11312899999995807	0.07944300000002613	0.07587399999999889
0.12870400000002746	0.110904000000005	0.08366799999998875	0.08791500000000951
0.10774900000001253	0.10759300000000849	0.08509800000001633	0.08177999999998065
0.10878900000000158	0.11321400000002768	0.0876880000000142	0.08453199999996741
0.1073170000000232	0.1076940000000377	0.08048600000000761	0.07601800000003323
0.11212100000000191	0.1455930000000194	0.08297200000004068	0.07368299999995997
0.11423999999999523	0.10855800000001636	0.08436299999999619	0.0786499999999819
0.11422499999997626	0.11054200000000947	0.08467600000000175	0.07570900000001757
0.10656899999997904	0.15837499999997817	0.0877559999999562	0.08348100000000613
0.11697099999997818	0.11504100000001927	0.08215400000000272	0.07904700000000275
0.11707400000000234	0.1215389999999843	0.08868699999999308	0.08752299999997604
0.10919999999998709	0.11320100000000366	0.08421600000002627	0.07924000000002707
0.11827399999998534	0.11998199999999315	0.08700699999997141	0.08126699999996845
0.11857100000003129	0.11384700000002113	0.08660399999996571	0.08353699999997843
0.11770599999999831	0.11464499999999589	0.0832770000000096	0.07556399999998575
0.11359000000004471	0.11859800000001997	0.08381100000002562	0.0787040000000161
0.11151799999998957	0.13275199999998222	0.08295600000002423	0.08132399999999507
0.1195549999999912	0.1195189999999684	0.09131800000000112	0.07939800000002606
0.1175609999999665	0.118616999999972	0.08390099999996892	0.07772399999998925
0.12365099999999529	0.11383700000004637	0.08489300000002231	0.08127000000001772
0.1239519999999743	0.1077760000000012	0.07945100000000593	0.07389299999999821
0.104520999999977	0.10530999999997448	0.0795219999999972	0.07493500000003905
0.10461399999996956	0.10627700000003415	0.07944499999996424	0.07563399999997955
0.1422460000000001	0.10664600000001201	0.08128300000004174	0.07572700000002897
0.15946900000000142	0.10778800000002775	0.09672800000004145	0.07671700000003057
0.10803400000003194	0.1057760000000485	0.11311200000000099	0.14665500000000975
0.2265130000000113	0.1399109999999837	0.10344199999997272	0.08038899999996829
0.12331299999999601	0.12482299999999213	0.08994400000000269	0.08663300000000618
0.12639899999999216	0.12733400000001893	0.09238099999998894	0.08547999999996136
0.12586500000003298	0.12922499999996262	0.09123999999997068	0.08607999999998128
0.13010100000002467	0.1578649999999584	0.09370899999998983	0.0877559999999562
0.12910199999998895	0.12964800000003152	0.09192200000001094	0.08277299999997467
0.12410099999999602	0.12457000000000562	0.09693099999998367	0.08743499999997084
0.12528600000001688	0.12780300000002853	0.11039600000003702	0.09098499999998921
0.1258680000000254	0.12016300000004776	0.094366999999977	0.09032000000001972
0.13192699999996194	0.1301599999999894	0.1003570000000309	0.08985899999998992
0.12912099999999782	0.12403399999999465	0.09200199999997949	0.09603499999997211
0.12778599999995777	0.13807500000001482	0.09592400000002499	0.08627200000000812
0.12424900000002026	0.12382900000000063	0.10494099999999662	0.11043800000004467
0.12918300000001182	0.1515579999999659	0.08402300000000196	0.08053699999999253
0.11254199999996217	0.1130239999999958	0.08637899999996534	0.08105199999999968
0.11484300000000758	0.11593699999997398	0.0858339999999771	0.08055000000001655
0.11850199999997812	0.1146349999999643	0.09080699999998387	0.08148999999997386
0.12287699999995993	0.11919299999999566	0.08751000000000886	0.08026999999998452
0.11637999999999238	0.1161459999999579	0.09496300000000701	0.100229000000013
0.1224189999999794	0.11831799999998793	0.08977099999998472	0.0803229999999644
0.11716000000001259	0.11652500000002419	0.09011300000003075	0.0827160000000049
0.11908300000004601	0.11754799999999932	0.08811900000000605	0.07987300000002051
0.11977600000000166	0.11901299999999537	0.08894600000002129	0.08267100000000482
0.11968200000001161	0.11966100000000779	0.08977500000003147	0.0805260000000203
0.12425600000000259	0.12438500000001795	0.09415799999999308	0.08205499999996846
0.1192710000000261	0.11582300000003443	0.08767900000003692	0.08767500000004702
0.11842200000000958	0.11774200000002111	0.0908759999999802	0.08223400000002812
0.11923899999999321	0.12090299999999843	0.09241100000002689	0.08627500000000055
0.12243499999999585	0.11897300000003952	0.08899799999994684	0.08411100000000715
0.12096900000000232	0.12052899999997635	0.08863900000000058	0.08255700000000843
0.12286100000000033	0.11914900000004991	0.09138400000000502	0.08308499999998276
0.13247400000000198	0.12745100000000775	0.09615300000001525	0.08547499999997399
0.12683299999997644	0.12274100000001908	0.09057599999999866	0.08436399999999367
0.12429500000001781	0.12264300000003914	0.09054700000001503	0.08539700000000039
0.12199499999996988	0.12438800000001038	0.09897499999999582	0.08456999999998516
0.12197500000002037	0.12456600000001572	0.09165899999999283	0.08576999999996815
0.12641000000002123	0.12330300000002126	0.09225399999996853	0.08583800000002384
0.12144000000000688	0.12151399999999057	0.09002800000001798	0.08584799999999859
0.12459799999999177	0.13522299999999632	0.09486100000003717	0.08558900000002723
0.12472000000002481	0.12584400000002915	0.09356199999996306	0.08878900000001977
0.1243310000000406	0.12280899999996109	0.09095200000001569	0.08535899999998264
0.12355199999996103	0.12375800000000936	0.09297200000003158	0.0861910000000421
0.12645599999996193	0.1246969999999692	0.09343300000000454	0.08754999999996471
0.126103999999998	0.12900500000000648	0.09252499999996644	0.08682199999998375
0.1284729999999854	0.12894099999999753	0.09238700000003064	0.08612499999998136
0.12539399999997158	0.12530200000003333	0.09651500000001079	0.08874099999997043
0.12369899999998779	0.12964800000003152	0.09588400000001229	0.09053299999999354
0.12475499999999329	0.12656499999997095	0.09662500000001728	0.08899500000001126
0.1264810000000125	0.129683	0.09737899999998945	0.09063099999997348
0.12748799999997118	0.12617699999998422	0.13603900000003932	0.10990499999996928
0.15744300000000067	0.1538810000000126	0.11307199999998829	0.09985699999998587
0.1465189999999552	0.14556599999997388	0.10397499999999127	0.10406399999999394
0.14376900000002024	0.15196700000001329	0.16810100000003558	0.10769900000002508
0.16620399999999336	0.1473190000000386	0.1184470000000033	0.1068960000000061
0.15623299999998608	0.15425199999992856	0.17254300000001876	0.12860200000000077
0.1365650000000187	0.1300979999999754	0.0978659999999536	0.09508400000004258
0.19463600000005954	0.15575699999999415	0.10531600000001617	0.11842599999999948
0.16575999999997748	0.1685019999999895	0.12488399999995181	0.1008160000000089
0.15483599999993203	0.16330999999991036	0.15563299999996616	0.12725799999998344
0.15788199999997232	0.15423700000008012	0.11113300000010895	0.10099300000001676
0.1460100000000466	0.14879800000005616	0.11317599999995309	0.09998399999994945
0.15531299999997827	0.16406099999994694	0.11307699999997567	0.0999699999999848
0.1553750000000491	0.14359300000000985	0.11390000000005784	0.12087099999996553
0.1706899999999223	0.141303999999991	0.15106300000002193	0.13401600000008784
0.2402949999999464	0.18087400000001708	0.12161800000001222	0.11864000000002761
0.16451699999993252	0.15423600000008264	0.11765299999990475	0.13976800000000367
0.2393489999999474	0.23750399999994443	0.1414670000000342	0.10390700000004927
0.15867899999989277	0.16158699999994042	0.11197400000003199	0.13184000000001106
0.15496299999995244	0.1806970000000092	0.1332830000000058	0.1067000000000462
0.15212299999996048	0.2093480000000909	0.20939300000009098	0.12211200000001554
0.23948199999995268	0.15996199999995042	0.1457029999999122	0.1882269999999835
0.2275210000000243	0.1978910000000269	0.19086099999992712	0.13187500000003638
0.23352699999998094	0.23883200000000215	0.15999699999997574	0.1260740000000169
0.18933300000003328	0.17977299999995466	0.17322899999999208	0.14687900000001264
0.20555499999989024	0.2012650000000349	0.1586579999999458	0.11840299999994386
0.1679430000000366	0.16356199999995624	0.13207900000008976	0.16559800000004543
0.23482000000001335	0.1690640000000485	0.15986400000008416	0.13645600000006652
0.17720100000008188	0.1714080000000422	0.11618300000009185	0.1350360000000137
0.18195000000002892	0.21957399999996596	0.14255900000000565	0.15790100000003804
0.17225100000007387	0.20016500000008364	0.13774799999998777	0.14927899999997862
0.1682939999999462	0.17815600000005816	0.12463000000002467	0.132349999999974
0.17078800000001593	0.1511480000000347	0.12640599999997448	0.09701099999995222
0.16298200000005636	0.15675500000008924	0.21687999999994645	0.13062600000000657
0.18212499999992815	0.17971000000000004	0.12762099999997645	0.11598800000001575
0.18063499999993837	0.230993999999896	0.14397199999996246	0.11797500000000127
0.1633839999999509	0.15844400000003134	0.12107300000002397	0.19486499999993612
0.18151100000000042	0.2272689999999784	0.15206299999999828	0.11467300000003888
0.18619300000000294	0.17039199999999255	0.16527400000006764	0.117841999999996
0.15172200000006342	0.1447570000000269	0.11092300000007072	0.10018700000000536
0.14434600000004139	0.14524900000003527	0.10917000000006283	0.10198100000002341
0.14836700000000747	0.15137000000004264	0.10957900000005338	0.10026300000004085
0.14721299999996518	0.1457750000000715	0.11027200000000903	0.10106200000006993
0.14424499999995533	0.1612360000000308	0.111199000000056	0.09914600000001883
0.16297700000006898	0.15947299999993447	0.10997199999997065	0.10231199999998353
0.14822000000003754	0.14662399999997433	0.11078599999996186	0.10194699999999557
0.1509640000000445	0.22350999999991927	0.1317860000000337	0.11789199999998345
0.1698189999999613	0.17891600000007202	0.13140999999995984	0.12237099999993006
0.16768400000000838	0.1691449999999577	0.12735299999997096	0.115626999999904
0.1755480000000489	0.1682819999999765	0.13201200000003155	0.11073899999996684
0.16521000000000186	0.16444799999999304	0.12734999999997854	0.11762099999998554
0.17064700000003086	0.1683820000000651	0.13582800000006046	0.1152470000000676
0.17393800000002102	0.17403200000001107	0.13612499999999272	0.13029899999992267
0.16961800000001404	0.17996900000002825	0.12580000000002656	0.11771199999998316
0.22316999999998188	0.20174599999995735	0.14375600000005306	0.11364100000002963
0.15950099999997747	0.16050600000005488	0.12121300000001156	0.1089680000000044
0.16514300000005733	0.16183999999998377	0.12001599999996415	0.1114469999999983
0.1708089999999629	0.18357800000001134	0.12246299999992516	0.10866600000008475
0.15847199999996064	0.16632300000003397	0.12425900000005186	0.10830200000009427
0.16414399999996476	0.15832699999998567	0.12007900000003247	0.11625600000002123
0.17734500000005937	0.15882399999998142	0.11933399999998073	0.10708799999997609
0.1554919999999811	0.1569049999999379	0.11713499999996202	0.10705699999994067
0.16800000000000637	0.1620669999999791	0.1332230000000436	0.12562200000002122
0.1663899999999785	0.16297999999994772	0.12123899999994592	0.11228899999991881
0.1646059999999352	0.1612279999999373	0.1224210000000312	0.1114149999999654
0.16064300000005005	0.1688570000000027	0.13831000000004678	0.11101100000007591
0.16778799999997318	0.16277099999990696	0.11879399999997986	0.12319000000002234
0.1601380000000745	0.17004800000006526	0.12322000000006028	0.11229000000002998
0.16287499999998545	0.17184999999994943	0.15629599999999755	0.10808199999996759
0.1706570000000056	0.15947400000004563	0.12154399999997167	0.11172599999997601
0.16185999999993328	0.1712999999999738	0.12526900000000296	0.11074699999994664
0.16079999999999472	0.17671199999995224	0.12319200000001729	0.11402499999996962
0.15954699999997501	0.16231300000004012	0.13216099999999642	0.13988499999993564
0.1865659999999707	0.3030509999999822	0.1828090000000202	0.19906800000001112
0.17847499999993488	0.18234700000004977	0.15893100000005234	0.12548600000002352
0.18589999999994689	0.1843780000000379	0.13241400000003978	0.12625600000001214
0.18391699999995126	0.18152599999996255	0.13721099999997932	0.12055799999995997
0.19122699999991255	0.23485900000002857	0.14051400000005287	0.12505099999998492
0.19935599999996612	0.2266260000000102	0.1362179999999853	0.12736999999992804
0.20395399999995334	0.19788000000005468	0.14074800000003052	0.12701000000004115
0.1896439999999302	0.17956600000002254	0.13447999999993954	0.12389899999993759
0.18903799999998228	0.27214200000003075	0.1219939999999724	0.11625500000002376
0.1634839999999258	0.16326600000002145	0.1234269999999924	0.11450600000000577
0.16382499999997435	0.16179199999999128	0.12315100000000712	0.11281799999994746
0.1741429999999582	0.1652799999999388	0.12036699999998746	0.11567700000000514
0.16525400000000445	0.1672399999999925	0.12211400000001049	0.11515299999996387
0.16234000000008564	0.16516200000000936	0.12481100000002243	0.11395500000003267
0.16415300000005573	0.16869199999996454	0.1229680000000144	0.11258799999995972
0.166150000000016	0.1667449999999917	0.12306200000000445	0.11546799999996438
0.16941399999996065	0.1712479999999914	0.12485100000003513	0.11294699999996283
0.17162500000006276	0.16740500000003067	0.12470599999994647	0.1209160000000793
0.18130299999995714	0.1701549999999088	0.12442399999997633	0.11770400000000336
0.1686930000000757	0.17398600000001352	0.12543800000003102	0.11501499999997122
0.17023699999992914	0.16984000000002197	0.1261020000000599	0.11549600000000737
0.19774500000005446	0.1742140000000063	0.1325059999999212	0.11449300000003859
0.16609199999993507	0.16896299999996245	0.12767799999994622	0.11957800000004681
0.17150099999992108	0.17449599999997645	0.1281219999999621	0.11750400000005357
0.169858999999974	0.1679350000000568	0.12994300000002568	0.11862399999995432
0.17239299999994273	0.17239600000004884	0.12993199999993976	0.11611800000002859
0.16906900000003589	0.17276300000003175	0.12755700000002435	0.11919599999998809
0.17198199999995722	0.17401699999993525	0.12523699999997007	0.11490099999991799
0.17104799999992792	0.17548599999997805	0.1287009999999782	0.11765199999990728
0.17241899999999077	0.17532700000003842	0.13259800000002997	0.12172499999996944
0.17046499999992193	0.17587800000001153	0.1396429999999782	0.1177820000000338
0.17465499999991607	0.17433500000004187	0.12915399999997135	0.12058700000000044
0.17064699999991717	0.17458400000009533	0.13029100000005656	0.11642600000004677
0.173862999999983	0.1736550000000534	0.12898200000006455	0.11985600000002705
0.17402000000004136	0.17447300000003452	0.13256799999999203	0.11859600000002501
0.17440399999998135	0.1780310000000327	0.1336230000000569	0.12132899999994606
0.17608500000005733	0.1754359999999906	0.13297699999998258	0.14124600000002374
0.1762709999999288	0.1798509999999851	0.13208000000008724	0.1187369999998964
0.17499099999997725	0.1766219999999521	0.1335709999999608	0.12359500000002299
0.17981799999995474	0.17853900000000067	0.13495299999999588	0.12323200000002998
0.17475899999999456	0.1764250000001084	0.13146599999993214	0.12022600000000239
0.17460000000005493	0.18237199999998666	0.1311080000000402	0.11957800000004681
0.17835500000001048	0.1796719999999823	0.1349320000000489	0.12071300000002338
0.17917399999998906	0.1750210000000152	0.13427200000000994	0.1247520000000577
0.18402100000002974	0.18040500000006432	0.1339739999999665	0.12350200000003042
0.1870680000000675	0.17978600000003553	0.13363400000002912	0.12361299999997755
0.1860749999999598	0.1854480000000649	0.13654000000008182	0.12417200000004414
0.1822220000000243	0.18093599999997423	0.13498500000002878	0.12554799999998068
0.17914399999995112	0.18274600000006558	0.13573500000006788	0.12463900000000194
0.18200500000000375	0.18260800000007293	0.13637900000003356	0.123698000000104
0.18046899999990273	0.18611299999997755	0.13328699999999571	0.12189300000000003
0.17995999999993728	0.18057100000009996	0.13456300000007104	0.12380899999993744
0.18067500000006476	0.1881670000000213	0.13572199999998702	0.12362099999995735
0.18255299999998442	0.18372600000009243	0.1344209999999748	0.12488900000005287
0.18101799999999457	0.1810289999999668	0.13860399999998663	0.12254500000005919
0.18578899999999976	0.18224899999995614	0.13743399999998474	0.12355400000001282
0.18498600000009446	0.18262900000001991	0.1399139999999761	0.12608799999998155
0.1855679999999893	0.1822909999999638	0.13955200000009427	0.12861899999995785
0.18529300000000148	0.182414000000108	0.1407930000000306	0.1275269999999864
0.18335799999999836	0.18308799999999792	0.1397980000000416	0.12633099999993647
0.18818399999997837	0.1856599999999844	0.13840700000002926	0.12553400000001602
0.18900699999994686	0.19512199999996938	0.14173200000004726	0.12972199999990153
0.18770200000005843	0.18579399999998714	0.1404850000000124	0.12525700000003326
0.190433999999982	0.18435099999999238	0.1429489999999305	0.1267560000000003
0.18563800000003994	0.18844699999999648	0.13915399999996225	0.12935700000002726
0.18667899999991278	0.18519399999991037	0.14039099999990867	0.1303290000000743
0.1910699999998542	0.18925899999999274	0.14210099999991144	0.12967200000002777
0.18967600000019047	0.1909699999998793	0.14106700000002093	0.12811699999997472
0.19041500000002998	0.18746799999985342	0.14218800000003284	0.1313870000001316
0.1928810000001704	0.18876300000010815	0.14220000000000255	0.1304050000001098
0.19074099999988903	0.18999699999994846	0.1449329999998099	0.12898600000016813
0.19114700000000084	0.18918600000006336	0.14512600000011844	0.13116200000013123
0.19266400000014983	0.19300700000007964	0.14432000000010703	0.1325170000000071
0.19079400000009628	0.1940190000000257	0.14058300000010604	0.13183500000013737
0.19001200000002427	0.18968100000006416	0.14045199999986835	0.13013599999999315
0.193463999999949	0.19367799999986346	0.1435950000000048	0.13237400000002708
0.19326799999998912	0.1961029999999937	0.14605200000005425	0.1350209999998242
0.19417799999996532	0.19597099999987222	0.14552900000012414	0.1320429999998396
0.2804639999999381	0.19482300000004216	0.14283000000000357	0.13171399999987443
0.19520299999999224	0.19229399999994712	0.14401900000007117	0.13552200000003722
0.19329700000002958	0.19816500000001724	0.14808400000015354	0.1372510000001057
0.20148599999993166	0.19486600000004728	0.14514200000007804	0.13481899999987945
0.19507999999996173	0.19579300000009425	0.1478020000001834	0.13233800000011797
0.194829000000027	0.19465600000012273	0.1471809999998186	0.13721400000008543
0.19605200000000877	0.2023619999999937	0.14919400000007954	0.13719399999990856
0.19662900000002992	0.19879199999991215	0.14874600000007376	0.14433400000007168
0.2133049999999912	0.2126389999998537	0.159315000000106	0.1423690000001443
0.2143069999999625	0.2090610000000197	0.16549899999995432	0.14644800000019131
0.20726300000001174	0.1884300000001531	0.1658990000000813	0.1493470000000343
0.1916510000000926	0.1946499999999105	0.1433839999999691	0.13134199999990415
0.19158900000002177	0.1895640000000185	0.141510000000153	0.1334959999999228
0.19069200000012643	0.1898620000001756	0.14228699999989658	0.131699000000026
0.1896630000001096	0.19089400000007117	0.1417940000001181	0.14422100000001592
0.1913520000000517	0.193168999999898	0.14481099999989056	0.132225999999946
0.19551300000011906	0.1917799999998806	0.14461400000004687	0.1344970000000103
0.19221600000014405	0.19176699999979974	0.14357599999993909	0.1322539999998753
0.19496499999991102	0.19170800000006238	0.1438949999999295	0.13238499999988562
0.19258799999988696	0.20008100000018203	0.14395899999999529	0.14273600000001352
0.1997360000000299	0.1975239999999303	0.1470400000000609	0.13465299999984381
0.19990699999993922	0.2019470000000183	0.14698700000008103	0.13686699999993834
0.19664899999997942	0.19910000000004402	0.14505799999983537	0.13729400000011083
0.19498199999998178	0.19464900000002672	0.14691700000003038	0.13591199999996206
0.2096230000001924	0.1970049999999901	0.14752199999998084	0.13606499999991684
0.1966010000001006	0.1962620000001607	0.14741499999990992	0.13623499999994237
0.1980069999999614	0.19497900000010304	0.14590599999996812	0.13495800000009694
0.19521499999996195	0.2058959999999388	0.14949799999999414	0.13730499999996937
0.19748199999980898	0.19729400000005626	0.1477909999998701	0.13522600000010243
0.1980109999999513	0.20001400000001013	0.14759200000003148	0.1364690000000337
0.1992819999998119	0.19644099999982245	0.14698199999997996	0.13578799999982039
0.19721900000013193	0.20167799999990166	0.14987199999995937	0.13790100000005623
0.19802000000004227	0.19938700000011522	0.14905100000009952	0.13640400000008412
0.19938100000013037	0.19873600000005354	0.14740400000005138	0.13639000000011947
0.1994489999999587	0.20376699999997072	0.1527009999999791	0.1383330000001024
0.20207200000004377	0.19993199999998978	0.14803200000005745	0.13801200000011704
0.2035599999999249	0.20040799999992487	0.1492950000001656	0.1380290000001878
0.20027299999992465	0.22628499999996166	0.15050899999982903	0.13811499999997068
0.20098800000005212	0.20184499999982108	0.1518060000000787	0.13840300000015304
0.2035519999999451	0.2010330000000522	0.14932199999998375	0.1383370000000923
0.2013280000001032	0.20216599999980644	0.1529809999999543	0.1395140000001902
0.20309599999995953	0.20705100000009224	0.14910299999996823	0.13913299999990159
0.20373300000005656	0.20520600000008926	0.15473800000017945	0.14258700000004865
0.20507100000008904	0.2024300000000494	0.15016800000012154	0.13971999999989748
0.20284600000013597	0.20338300000003073	0.1486210000000483	0.13954899999998815
0.2021359999998822	0.20456199999989622	0.15223700000001372	0.1460420000000795
0.204426999999896	0.20531199999982164	0.14881599999989703	0.1387369999999919
0.20216800000002877	0.20461900000009337	0.15421000000014828	0.1396349999999984
0.20749300000011317	0.20300799999995434	0.15097799999989547	0.1388849999998456
0.20434599999998682	0.20330399999988913	0.1490000000001146	0.13837499999999636
0.2054929999999331	0.20551099999988764	0.15309799999999996	0.13954200000011951
0.2045820000000731	0.20543099999986225	0.15126399999985551	0.14328100000011545
0.21000099999992017	0.20675899999991998	0.15592900000001464	0.14240099999983613
0.20793200000002798	0.20695100000011735	0.1537759999998798	0.14103899999986425
0.20748299999991104	0.20611600000006547	0.1526289999999335	0.14107799999987947
0.20926500000018677	0.20731200000000172	0.15365799999995033	0.1412199999999757
0.2075959999999668	0.20792899999992187	0.15346699999986413	0.14314599999988786
0.20824999999990723	0.21051600000009785	0.1544530000001032	0.14157999999997628
0.2089690000000246	0.20668000000000575	0.1650290000000041	0.14405699999997523
0.21211399999992864	0.2080029999999624	0.15619000000015149	0.1419149999999263
0.21131799999989198	0.2114120000001094	0.15321200000016688	0.14418000000000575
0.21218799999996918	0.20930199999997967	0.15453800000000228	0.1420010000001639
0.21052800000006755	0.212626999999884	0.15883500000018103	0.14431199999989985
0.21079200000008314	0.21337599999992563	0.15524699999991753	0.15176699999983612
0.21152200000005905	0.21015299999999115	0.15543800000000374	0.14321700000004967
0.2115280000000439	0.2111609999999473	0.1568489999999656	0.14403300000003583
0.2136120000000119	0.21232399999985319	0.15644700000007106	0.14585200000010445
0.2146060000000034	0.21088699999995697	0.15732600000001185	0.14394799999990937
0.21450900000013462	0.21174400000018068	0.16531399999985297	0.14593500000000859
0.21270499999991443	0.21681899999998677	0.15707399999996596	0.14877599999999802
0.21504800000002433	0.21299000000021806	0.15882200000010016	0.14905500000008942
0.21533599999997932	0.21262799999999515	0.1574359999999615	0.14679000000000997
0.21778900000003887	0.21525799999994888	0.15882300000021132	0.14618799999993826
0.21574899999995978	0.2140349999999671	0.15798599999993712	0.14660700000013094
0.2165860000000066	0.21449699999993754	0.16017099999999118	0.14813600000002225
0.21835699999996905	0.21507299999984753	0.15865599999983715	0.14705399999979818
0.2210850000001301	0.21606699999983903	0.1618670000000293	0.145998999999847
0.2171690000000126	0.22215899999991962	0.1601780000000872	0.14692700000000514
0.21673899999996138	0.21602600000005623	0.16188400000010006	0.14704299999993964
0.21864199999981793	0.21798899999998866	0.15987599999994018	0.14829500000018925
0.21909499999992477	0.21866100000011102	0.19212199999992663	0.1499220000000605
0.23831399999994574	0.21804000000020096	0.1605779999999868	0.14796900000010282
0.21927899999991496	0.21851399999991372	0.16140599999994265	0.148768999999902
0.22760799999991832	0.22020999999995183	0.16366900000002715	0.15618800000015653
0.22069299999998293	0.21894399999996494	0.1656239999999798	0.14831600000002254
0.22046599999998762	0.2195160000001124	0.16222300000003997	0.15328500000009626
0.21966599999996106	0.22028499999987616	0.1628560000001471	0.14938800000004449
0.22051600000008875	0.2229050000000825	0.1657479999998941	0.15220500000009451
0.22404199999982666	0.22260800000003655	0.16577800000004572	0.1511279999999715
0.22222099999999045	0.221967000000177	0.1638150000001133	0.1512289999998302
0.22163399999999456	0.22211700000002566	0.16453299999989213	0.1514209999998002
0.22262399999999616	0.22408400000017537	0.16595900000015718	0.15903300000013587
0.22451900000010028	0.22265500000003158	0.16624799999999595	0.15442800000005263
0.22860100000002603	0.2219359999999142	0.171779000000015	0.1523979999999483
0.22676799999999275	0.2306149999999434	0.24451799999997093	0.1520229999998719
0.22470700000008037	0.2287260000000515	0.16576099999997496	0.151587999999947
0.2323830000000271	0.2241510000001199	0.16698399999995672	0.15651800000000549
0.22505999999998494	0.22645199999988108	0.16739599999982602	0.15178900000000795
0.22572300000001633	0.22424199999977645	0.1655430000000706	0.15486200000009376
0.22514700000010635	0.22785799999996925	0.16683599999987564	0.1532919999999649
0.22621800000001713	0.23368600000003426	0.16783100000020568	0.15482599999995728
0.22670500000003813	0.22768699999983255	0.16903100000013183	0.15361000000007152
0.2272929999999178	0.22642199999995682	0.16764100000000326	0.15954499999998006
0.22883499999989	0.22878399999990506	0.16899499999999534	0.15377300000000105
0.22955899999988105	0.2279160000000502	0.16780999999991764	0.1545659999999316
0.23255599999993137	0.2281239999999798	0.1680949999999939	0.1549209999998311
0.2301469999999881	0.22901600000000144	0.16883700000016688	0.1560819999999694
0.23015200000008917	0.2294689999998809	0.1691280000000006	0.15588200000001962
0.22969999999986612	0.2307860000000801	0.16990899999996145	0.1562539999999899
0.22967300000004798	0.23251900000013848	0.17119099999990794	0.15606500000012602
0.22999700000013945	0.229663999999957	0.17104600000016035	0.15700300000003153
0.23100699999986318	0.22990599999980077	0.17077599999993254	0.1570639999999912
0.23241500000017368	0.23257300000000214	0.1789810000000216	0.15769700000009834
0.23303400000008878	0.23185300000000097	0.17226899999991474	0.1592640000001211
0.23239399999988564	0.2509869999998955	0.19091100000014194	0.1758830000001126
0.2345390000000407	0.23927899999989677	0.1720510000000104	0.15987899999981892
0.23590600000011364	0.23392100000000937	0.17713000000003376	0.162166999999954
0.23697100000003957	0.23464799999987918	0.1726410000001124	0.159251999999924
0.23933000000010907	0.23483200000009674	0.17368800000008378	0.16245500000013635
0.23801599999978862	0.23504400000001624	0.1830449999999928	0.15972099999999045
0.23766299999988405	0.23661199999992277	0.17303699999979472	0.1613279999999122
0.23859599999991588	0.23417499999982283	0.17535799999996016	0.16101900000012392
0.24387300000012146	0.23688700000002427	0.1748619999998482	0.16152299999998831
0.23708600000009028	0.254280000000108	0.20058399999993526	0.2697800000000825
0.30632599999989907	0.2916010000001279	0.3569270000000415	0.28593500000010863
0.2499920000000202	0.2523750000000291	0.18618500000002314	0.16858000000001994
0.25007099999993443	0.25958300000002055	0.19468499999993583	0.22867000000019289
0.2614209999999275	0.3071950000000925	0.2822929999999815	0.1928499999999076
0.2757010000000264	0.31010399999991023	0.23790499999995518	0.20565199999987271
0.3343210000000454	0.28640599999994265	0.2777000000000953	0.29777500000000146
0.2854939999999715	0.2804200000000492	0.20048200000019278	0.18518599999993057
0.326471999999967	0.2882560000000467	0.20448899999996684	0.1857270000000426
0.2676699999999528	0.30329900000015186	0.20592899999996916	0.18376899999998386
0.267765000000054	0.3091950000000452	0.2055319999999483	0.1948099999999613
0.27452199999993354	0.2690430000000106	0.21237900000005538	0.18754100000001017
0.2755379999998695	0.26674800000000687	0.2422719999999572	0.18502300000000105
0.305609000000004	0.271054999999933	0.2565180000001419	0.1864069999999174
0.2898999999999887	0.2905300000002171	0.20408799999995608	0.19626099999982216
0.27058599999986654	0.2752490000000307	0.25481300000001283	0.2041860000001634
0.2707269999998516	0.2763589999999567	0.21098899999992682	0.18778500000007625
0.2702440000000479	0.3029759999999442	0.2148620000000392	0.18842700000004697
0.2754829999998947	0.270336000000043	0.20682099999999082	0.18342599999982667
0.26761400000009417	0.26887699999997494	0.2085739999999987	0.18307499999991705
0.28513200000020333	0.2882230000000163	0.3116220000001704	0.20128999999997177
0.2875460000000203	0.33502599999997074	0.21333099999992555	0.34115399999996043
0.2861159999999927	0.2749939999998787	0.24399600000015198	0.21959800000013274
0.29449099999987993	0.2808540000000903	0.21064000000001215	0.2197960000000876
0.27057300000001305	0.26961400000004687	0.2148819999999887	0.24253200000021025
0.3092589999998836	0.31102800000007846	0.2503260000000864	0.23885700000005272
0.3447219999998197	0.308228999999983	0.25036100000011174	0.21169199999985722
0.29680999999982305	0.2795560000001842	0.20889000000011038	0.19038499999987835
0.27509699999995973	0.2903830000000198	0.21143500000016502	0.2022599999997965
0.36525300000016614	0.28290100000003804	0.2147490000002108	0.18711400000006506
0.2804309999999077	0.278376999999864	0.21018000000003667	0.1877719999999954
0.29813000000012835	0.27834200000006604	0.21014000000013766	0.18735300000003008
0.2824470000000474	0.28008699999986675	0.21422000000006847	0.19209900000009839
0.2810269999999946	0.2837840000001961	0.23888099999999213	0.28894099999979517
0.34962500000006	0.27655300000014904	0.2196249999999509	0.20840700000007928
0.29454899999996087	0.2704820000001291	0.2221110000000408	0.20403600000008737
0.29662600000006023	0.27038199999992685	0.2240919999999278	0.17900299999996605
0.2666990000000169	0.2745669999999336	0.19432000000006155	0.1763970000001791
0.2669469999998455	0.2704109999999673	0.20903400000020156	0.19673699999998462
0.2918019999999615	0.26860099999998965	0.21326300000009724	0.1805779999999686
0.28830900000002657	0.31436299999995754	0.24478799999997136	0.2531940000001214
0.26477300000010473	0.26719600000001265	0.19966099999987819	0.20621100000016668
0.3326879999999619	0.27008699999987584	0.20563399999991816	0.182318000000123
0.2932419999999638	0.3021679999999378	0.2311290000000099	0.20920300000011594
0.31828199999995377	0.2853540000000976	0.2281479999999192	0.19814500000006774
0.2700569999999516	0.33462500000018736	0.22960600000010345	0.21392200000013872
0.2855930000000626	0.2712349999999333	0.20186899999998786	0.18921799999998257
0.2703940000001239	0.2669509999998354	0.22238500000003114	0.22404600000004393
0.3065329999999449	0.348756000000094	0.22924000000011802	0.19396400000005087
0.27600699999993594	0.27767999999991844	0.20612800000003517	0.21396299999992152
0.27594999999996617	0.2751740000001064	0.2957629999998517	0.18308999999999287
0.2727350000000115	0.2706439999999475	0.20357399999988957	0.18419299999982286
0.2745720000000347	0.30031400000007125	0.20721600000001672	0.18397400000003472
0.2760880000000725	0.26998500000013337	0.20494699999994737	0.1878959999999097
0.2728819999999814	0.2712549999998828	0.2015200000000732	0.18275199999993674
0.2820770000000721	0.2690029999998842	0.20418000000017855	0.1847530000000006
0.27910399999996116	0.27440999999998894	0.21291599999995015	0.19317999999998392
0.27469799999994393	0.27544799999986935	0.22270899999989524	0.20378200000004654
0.2795880000001034	0.27197099999989405	0.20337999999992462	0.19138999999995576
0.2845470000002024	0.2824140000002444	0.2401190000000497	0.18678799999997864
0.27443399999992835	0.28236199999992095	0.22084499999982654	0.20996999999988475
0.357155000000148	0.2768890000002102	0.2519160000001648	0.22119100000008984
0.29149599999982456	0.2943049999998948	0.23228299999982482	0.18764000000010128
0.29899599999998827	0.3301160000000891	0.2290779999998449	0.20640000000003056
0.34177800000043135	0.27466499999991356	0.21202500000026703	0.18801499999972293
0.2801840000001903	0.274167000000034	0.20424400000001697	0.18896200000017416
0.2773229999997966	0.2884189999999762	0.23429899999973713	0.19746000000031927
0.37407000000030166	0.277712000000065	0.20380100000011225	0.186678000000029
0.28885700000000725	0.27932400000008784	0.2148179999999229	0.18593300000020463
0.2825390000002699	0.2803740000003927	0.2118399999999383	0.1903319999996711
0.2813740000001417	0.2810549999999239	0.2417239999999765	0.19593200000008437
0.2830479999997806	0.28015300000015486	0.22164199999997436	0.20229299999982686
0.3672740000001795	0.2912790000000314	0.20766600000024482	0.19032300000026225
0.3134589999999662	0.2799659999996038	0.20903199999975186	0.18926700000019991
0.2836010000000897	0.2836429999997563	0.20915199999990364	0.19362499999988358
0.27872100000013234	0.2816929999999047	0.21172200000000885	0.1903269999997974
0.2821520000002238	0.32626200000004246	0.27205400000002555	0.1922869999998511
0.28158299999995506	0.27817099999992934	0.20638099999996484	0.1934849999997823
0.28054199999996854	0.2849909999999909	0.21510499999976673	0.19335000000000946
0.28308100000003833	0.28230200000007244	0.2786879999998746	0.19072899999991932
0.3060249999998632	0.40674699999999575	0.2343540000001667	0.2242350000001352
0.3753400000000511	0.3053330000002461	0.2755219999999099	0.2051499999997759
0.3286630000002333	0.30904000000009546	0.21673599999985527	0.19501599999966857
0.31795800000008967	0.30013400000007096	0.22236599999996542	0.19520199999988108
0.2891779999999926	0.28527000000030966	0.22723499999983687	0.190422000000126
0.28882900000007794	0.301546000000144	0.2583679999997912	0.21175600000015038
0.31571600000006583	0.3071930000000975	0.2569210000001476	0.20907500000021173
0.2859259999995629	0.29029399999990346	0.22898299999997107	0.20221400000036738
0.2984919999998965	0.3352199999999357	0.2695370000001276	0.20979699999998047
0.3032210000001214	0.303429000000051	0.2252360000002227	0.22631400000000212
0.3010589999998956	0.35357399999975314	0.2300969999996596	0.19844100000000253
0.31281600000011167	0.314991000000191	0.2799880000002304	0.2442759999998998
0.33182699999997567	0.3023089999996955	0.3013900000000831	0.2241149999999834
0.3276460000001862	0.343485000000328	0.23844599999983984	0.2335849999999482
0.3030669999998281	0.35789599999998245	0.24966799999992872	0.2159630000001016
0.3454180000003362	0.34004400000003443	0.23509299999977884	0.19335799999998926
0.33002699999997276	0.290320999999949	0.2723060000002988	0.22359800000003816
0.31475000000000364	0.3012410000001182	0.25105500000017855	0.21007000000008702
0.3034779999998136	0.3283289999999397	0.21586800000022777	0.19732100000010178
0.33754899999985355	0.3176459999999679	0.21457199999986187	0.23331800000005387
0.293123999999807	0.2874779999997372	0.21552500000007058	0.22184800000013638
0.2881999999999607	0.28984600000012506	0.21966800000018338	0.19730800000024828
0.29047399999990375	0.29395900000008623	0.21989799999983006	0.19563900000002832
0.290679000000182	0.3054739999997764	0.2961600000003273	0.23229900000023918
0.3211639999999534	0.4351839999999356	0.27562600000010207	0.2448220000001129
0.3417939999999362	0.30075200000010227	0.2533300000000054	0.21398899999985588
0.3125439999998889	0.31262399999968693	0.22804900000028283	0.20508599999993748
0.32444400000031237	0.318815000000086	0.2182039999997869	0.19651999999996406
0.2915589999997792	0.2965879999997014	0.24925600000005943	0.23211499999979424
0.3510620000001836	0.2981800000002295	0.22206599999981336	0.20525399999996807
0.30390299999999115	0.3275650000000496	0.26525500000025204	0.21096200000010867
0.32309399999985544	0.3283889999997882	0.24386599999979808	0.20133900000018912
0.30293899999969653	0.3076740000001337	0.2538219999996727	0.21539099999972677
0.31257499999992433	0.30941200000006575	0.2684910000002674	0.21664900000041598
0.3613860000000386	0.3672889999998006	0.2314049999999952	0.24024000000008527
0.31138700000019526	0.3033010000003742	0.2217479999999341	0.2131670000003396
0.3428059999996549	0.3308860000001914	0.2841289999996661	0.21076300000004267
0.31447099999968486	0.3947630000002391	0.24559700000008888	0.26415700000006836
0.4093110000003435	0.33232900000029986	0.2715579999999136	0.22830699999985882
0.35252600000012535	0.34370399999988877	0.24312900000040827	0.2393329999999878
0.3329990000001999	0.3360139999999774	0.24225200000000768	0.23289500000009866
0.3104169999996884	0.3034229999998388	0.2380830000001879	0.23308999999972002
0.4151179999998931	0.31672100000014325	0.29448199999978897	0.2516600000003564
0.318072999999913	0.3275469999998677	0.3584200000000237	0.2196750000002794
0.33225199999969846	0.35055800000009185	0.23848799999996118	0.25005300000020725
0.31367599999975937	0.5039780000001883	0.3136829999998554	0.2143130000004021
0.31177500000012515	0.383288999999877	0.32944899999984045	0.3221889999999803
0.43248799999992116	0.3626160000003438	0.27581000000009226	0.2444500000001426
0.34029999999984284	0.3070269999998345	0.24637799999982235	0.23582399999986592
0.34204200000021956	0.35688200000004144	0.23651699999982156	0.24576099999967482
0.3289379999996527	0.3508740000002035	0.29082000000016706	0.20645299999978306
0.31973699999980454	0.3046839999997246	0.22733100000004924	0.2221649999996771
0.33898199999975986	0.30944300000010116	0.2445239999997284	0.20555800000011004
0.3121040000000903	0.30883799999992334	0.27759100000002945	0.2117840000000797
0.31300499999997555	0.3102650000000722	0.23598600000013903	0.21310199999970791
0.3264870000002702	0.33189100000026883	0.2331370000001698	0.22051199999987148
0.31341399999973873	0.3150719999998728	0.2362660000003416	0.2786770000002434
0.3164480000000367	0.31022600000005696	0.23347499999999854	0.23697300000003452
0.31616100000019287	0.3116640000002917	0.26191300000027695	0.2076280000001134
0.30961100000013175	0.4469989999997779	0.28113400000029287	0.32246299999997063
0.31929700000000594	0.34036299999979747	0.2873469999999543	0.23134600000003047
0.32979299999988143	0.35084199999982957	0.25839799999994284	0.2728239999996731
0.35514499999999316	0.3179160000004231	0.24440000000004147	0.21272200000021257
0.33930099999997765	0.4112030000001141	0.2821960000001127	0.2505400000000009
0.33494500000006155	0.3770119999999224	0.2683120000001509	0.24191900000005262
0.35809400000016467	0.32086100000014994	0.2604200000000674	0.2363949999999022
0.419662000000244	0.34855800000013915	0.28114499999992404	0.2485300000003008
0.35259799999994357	0.5906529999997474	0.3845049999999901	0.22253700000010213
0.3282400000002781	0.40952100000004066	0.2401289999997971	0.2549490000001242
0.419039000000339	0.3478820000000269	0.2857460000000174	0.2830030000000079
0.3693510000002789	0.35768400000006295	0.2743390000000545	0.22221399999989444
0.3302939999998671	0.3645150000002104	0.2869460000001709	0.24286099999972066
0.3957319999999527	0.4300229999998919	0.3010330000001886	0.22138100000029226
0.37429900000006455	0.46581600000035905	0.24789400000008754	0.22674300000016956
0.3229380000002493	0.3314789999999448	0.2607189999998809	0.2291810000001533
0.3529310000003534	0.39758100000017293	0.271827999999914	0.29634699999996883
0.34875800000008894	0.3635839999997188	0.24414400000023306	0.21409499999981563
0.3601470000003246	0.32043300000032104	0.26700099999970917	0.22475400000030277
0.32736300000033225	0.36258200000020224	0.23842300000023897	0.2590620000000854
0.38872100000025966	0.33652799999981653	0.23623099999986152	0.26243099999965125
0.4222030000000814	0.5308030000001054	0.25243799999998373	0.24965199999996912
0.3327840000001743	0.3499349999997321	0.24595600000020568	0.2500230000000556
0.3311949999997523	0.3220469999996567	0.2534149999996771	0.2159919999999147
0.319213000000218	0.34976700000015626	0.3574619999999413	0.327158000000054
0.33455899999989924	0.32292299999971874	0.2719709999996667	0.24226499999986117
0.346527000000151	0.3780209999999897	0.3099310000002333	0.27289299999983996
0.3388679999998203	0.3589990000000398	0.27329199999985576	0.31293700000014724
0.3243529999999737	0.323591999999735	0.3012629999998353	0.24563799999987168
0.39233299999978044	0.371773000000303	0.3162240000001475	0.2661980000002586
0.3659050000001116	0.34680200000002515	0.40746000000035565	0.3275949999997465
0.36306699999977354	0.3518669999998565	0.2926390000002357	0.2925199999999677
0.3272900000001755	0.42731000000003405	0.241664000000128	0.2268789999998262
0.384324000000106	0.3421969999999419	0.3219440000002578	0.25555700000040815
0.4149030000003222	0.34587999999985186	0.3123689999997623	0.24559799999997267
0.34297700000024633	0.3905720000002475	0.34320100000013554	0.22182000000020707
0.37763300000005984	0.3720490000000609	0.3609030000002349	0.24470100000007733
0.3842749999998887	0.3296840000002703	0.2518209999998362	0.2242540000002009
0.33653700000013487	0.3360190000003058	0.24835600000005797	0.22359499999993204
0.3319449999999051	0.4016670000000886	0.3987659999997959	0.2852079999997841
0.38991699999996854	0.3430189999999129	0.24337500000001455	0.21944000000030428
0.3348740000001271	0.3258059999998295	0.24537400000008347	0.22018600000001243
0.32997700000032637	0.34169500000007247	0.2512209999999868	0.2566310000001977
0.32442600000013044	0.32151799999974173	0.24688100000003033	0.2224690000002738
0.33231100000011793	0.33396700000002966	0.24565000000029613	0.22271299999965777
0.32547900000008667	0.3310519999999997	0.2440929999997934	0.2211250000000291
0.3441100000000006	0.3487249999998312	0.293442000000141	0.22373000000015963
0.34530599999970946	0.36142400000017005	0.25943799999959083	0.2271950000003926
0.3455039999998917	0.36499600000024657	0.2555539999998473	0.2260230000001684
0.36127099999976053	0.35328500000014174	0.28076499999997395	0.2514360000000124
0.34717000000000553	0.385204000000158	0.2871520000003329	0.2761599999998907
0.3265060000003359	0.36638399999992544	0.25678400000015245	0.28485700000010183
0.33769299999994473	0.39339799999970637	0.27708099999972546	0.25578300000006493
0.3812600000001112	0.40729800000008254	0.26566200000024764	0.254584999999679
0.33430100000032326	0.4135449999998855	0.28907600000002276	0.2518319999999221
0.4135230000001684	0.3252670000001672	0.23081200000024182	0.43259100000022954
0.3302960000000894	0.34575900000027104	0.2779080000000249	0.3248799999996663
0.5350829999997586	0.36349799999970855	0.26807899999994333	0.22674700000015946
0.3670740000002297	0.3432519999996657	0.2870159999997668	0.30431300000009287
0.3448860000003151	0.3310519999999997	0.25404000000025917	0.2167370000001938
0.34047300000020186	0.3287310000000616	0.25011899999981324	0.22211000000015702
0.32703899999978603	0.3229290000003857	0.23910300000034113	0.22262000000000626
0.3302350000003571	0.3270999999999731	0.25817700000015975	0.22138899999981732
0.3259739999998601	0.4377469999999448	0.269481999999698	0.22651700000005803
0.3188679999998385	0.3554429999999229	0.24710499999991953	0.2325500000001739
0.3291659999999865	0.3295039999998153	0.24827000000004773	0.22402099999999336
0.32479600000033315	0.33239599999978964	0.24347500000021682	0.221704999999929
0.331717000000026	0.33310900000014954	0.2464669999999387	0.2252760000001217
0.3297029999998813	0.3334770000001299	0.24849399999993693	0.2312249999999949
0.3226509999999507	0.32389499999999316	0.29577599999993254	0.315668000000187
0.34269599999970524	0.40437299999985044	0.2582199999997101	0.24069999999983338
0.3316669999999249	0.47795300000007046	0.2963349999999991	0.21981099999993603
0.3806099999997059	0.41442700000015975	0.32909600000039063	0.2802700000002005
0.34043600000040897	0.33428399999957037	0.25957199999993463	0.22477299999991374
0.34308099999998376	0.34427699999969263	0.24787300000025425	0.22468100000014601
0.4084339999999429	0.33279300000003786	0.24278999999978623	0.2223180000000866
0.3824700000000121	0.35732199999984005	0.25900300000012066	0.22500300000001516
0.3622850000001563	0.3390079999999216	0.3102440000002389	0.2171290000001136
0.5508260000001428	0.5333789999999681	0.29464099999995597	0.22752600000012535
0.3429160000000593	0.32960300000013376	0.27594200000021374	0.3337660000001961
0.34716000000025815	0.4409950000003846	0.2844419999996717	0.2559590000000753
0.3556189999999333	0.524543999999878	0.28472999999985404	0.34840699999995195
0.34693300000026284	0.3775359999999637	0.26434100000005856	0.24718699999993987
0.34817599999996673	0.3559600000003229	0.24554100000023027	0.21778100000028644
0.3388429999999971	0.34570099999973536	0.24851099999978032	0.21907299999975294
0.35591599999997925	0.34625599999981205	0.2531949999997778	0.24782200000026933
0.3391450000003715	0.3556819999998879	0.26432000000022526	0.2921839999999065
0.33515699999998105	0.39995900000030815	0.4005259999998998	0.31044500000007247
0.52523199999996	0.33057899999994333	0.25013899999976275	0.22606600000017352
0.33611000000018976	0.3540570000000116	0.26284099999975297	0.36207500000000437
0.3628209999997125	0.6082289999999375	0.25676900000007663	0.23605199999974502
0.6098440000000664	0.3859099999999671	0.3096940000000359	0.24082499999985885
0.35833599999978105	0.351118999999926	0.3616890000002968	0.4590969999999288
0.6127110000002176	0.6331669999999576	0.4588549999998577	0.2523350000001301
0.4536840000000666	0.42376100000001315	0.2968789999999899	0.3232299999999668
0.5942030000001068	0.6269520000000739	0.2508989999996629	0.23150400000031368
0.3411980000000767	0.40649600000006103	0.3150479999999334	0.25310699999999997
0.37368100000003324	0.38337300000011965	0.28119999999989886	0.2873920000001817
0.38162499999998545	0.4024460000000545	0.3381950000002689	0.2290210000001025
0.3826209999997445	0.35808799999995244	0.26177800000004936	0.24033000000008542
0.33772399999998015	0.3876199999999699	0.24890499999992244	0.22654800000009345
0.3708470000001398	0.35993199999984427	0.2586909999999989	0.22985100000005332
0.3455509999998867	0.5001029999998536	0.49510900000041147	0.4560510000001159
0.515646000000288	0.49633499999981723	0.2814650000000256	0.2585909999997966
0.3702320000002146	0.35491700000011406	0.3801969999999528	0.24000300000034258
0.35326199999963137	0.36146899999994275	0.2874019999999291	0.31792799999993804
0.5711900000001151	0.4763589999997748	0.31855300000006537	0.34676100000024235
0.4490339999997559	0.39196799999990617	0.3251609999997527	0.24843699999973978
0.38893499999994674	0.3870369999999639	0.2983880000001591	0.26772699999992255
0.3950790000003508	0.36981199999991077	0.2663700000002791	0.2862049999998817
0.3702400000001944	0.5599819999997635	0.3641319999996995	0.2984740000001693
0.3585330000000795	0.35527700000011464	0.39448600000014267	0.2455840000002354
0.39965699999993376	0.3724739999997837	0.29796299999998155	0.25841799999989234
0.46534299999984796	0.43119200000001	0.3542069999998603	0.40917499999977736
0.5518590000001495	0.382064000000355	0.5121049999997922	0.44944299999997384
0.4162179999998443	0.40210700000034194	0.28289100000029066	0.26515399999971123
0.3494399999999587	0.3839290000000801	0.309172999999646	0.2351929999999811
0.3469020000002274	0.39177799999970375	0.27285600000004706	0.25485100000014427
0.36655800000016825	0.3670860000001994	0.29893300000003364	0.2867550000000847
0.3581779999999526	0.3544879999999466	0.26193899999998393	0.23923899999999776
0.3530780000000959	0.3892190000001392	0.2815700000001016	0.24524800000017422
0.3682520000002114	0.3445139999998901	0.2612799999997151	0.2472509999997783
0.3504299999999603	0.35990399999991496	0.26848500000005515	0.2971359999996821
0.3576250000000982	0.3749160000002121	0.28393499999992855	0.2516910000003918
0.3917229999997289	0.3638740000001235	0.3001730000000862	0.23845399999981964
0.3551300000003721	0.35199099999999817	0.263716999999815	0.32375199999978577
0.3890140000003157	0.35755099999960294	0.3026220000001558	0.24001399999997375
0.3655090000002019	0.375821999999971	0.32778300000018135	0.2612560000002304
0.3502800000001116	0.37556599999970786	0.2756930000000466	0.23562399999991612
0.35171200000013414	0.35475899999983085	0.2697080000002643	0.23421000000007552
0.3732999999997446	0.3583260000000337	0.2624020000002929	0.2492629999997007
0.36276800000041476	0.37109300000020085	0.2747150000000147	0.23239699999976438
0.34851000000026033	0.3498540000000503	0.2541999999998552	0.2322309999999561
0.37471999999979744	0.34269099999983155	0.2637900000004265	0.2501700000002529
0.3456750000000284	0.3427599999999984	0.31816699999990306	0.23510099999975864
0.5312890000000152	0.3457690000000184	0.26827700000012555	0.25680800000009185
0.35449200000039127	0.38127699999995457	0.4146539999997003	0.40935399999989386
0.3990489999996498	0.39048000000002503	0.28572299999996176	0.26791400000001886
0.4043509999996786	0.38298000000031607	0.3844970000000103	0.4155829999999696
0.40814099999988684	0.44769499999983964	0.43023100000027625	0.26115500000014435
0.5027709999999388	0.47174299999960567	0.3492550000000847	0.29466999999976906
0.3795130000003155	0.3635279999998602	0.34150099999988015	0.2395289999999477
0.3647510000000693	0.42119099999990794	0.26322999999956664	0.24190599999974438
0.36106900000004316	0.37120599999980186	0.2641510000003109	0.24893900000006397
0.3791999999998552	0.5030499999998028	0.28625700000020515	0.24968899999976202
0.3801530000000639	0.4621999999999389	0.3064590000003591	0.24264899999980116
0.3739570000002459	0.3578739999998106	0.3417500000000473	0.26825300000018615
0.3668920000000071	0.3659450000000106	0.3471249999997781	0.24373199999990902
0.3791540000001987	0.388278999999784	0.2797249999998712	0.24384599999984857
0.38958199999979115	0.6261850000000777	0.3405820000002677	0.26075900000023466
0.41430499999978565	0.3706560000000536	0.5167850000002545	0.3340829999997368
0.4851619999999457	0.45011799999974755	0.2802590000001146	0.26551000000017666
0.38621499999999287	0.38691400000016074	0.2732660000001488	0.31279600000016217
0.5466299999998228	0.444629999999961	0.36140900000009424	0.31473900000037247
0.45402800000010757	0.44635599999992337	0.4206939999999122	0.29959800000006
0.37706000000025597	0.36252799999965646	0.2990529999997307	0.29683099999965634
0.4633820000003652	0.40262399999983245	0.2732610000002751	0.2583220000001347
0.6053690000003371	0.48235699999986537	0.35040399999979854	0.42805900000030306
0.37283099999967817	0.4324619999997594	0.2727340000001277	0.3456149999997251
0.36443499999995765	0.4324019999999109	0.29425599999967744	0.4382690000002185
0.5769580000001042	0.4246619999998984	0.28033700000014505	0.2605869999997594
0.3681010000000242	0.3691279999998187	0.3206190000000788	0.2472090000001117
0.4079550000001291	0.37494299999980285	0.3362839999999778	0.24638499999991836
0.3889440000002651	0.3736079999998765	0.2877300000000105	0.288195000000087
0.39485400000012305	0.4571059999998397	0.28402799999958006	0.2501889999998639
0.478291999999783	0.394945000000007	0.2717979999997624	0.26382299999977477
0.3553830000000744	0.36471800000026633	0.27617800000007264	0.24148699999977907
0.436359999999695	0.3996500000002925	0.26616599999988466	0.24065500000006068
0.3603760000000875	0.3658050000003641	0.276260000000093	0.24350000000004002
0.36569799999961106	0.36614800000006653	0.31553000000030806	0.2640390000001389
0.4594290000000001	0.425275000000056	0.2726430000002438	0.2526339999999436
0.37856799999963187	0.3621330000000853	0.29100900000003094	0.2456640000000334
0.3612289999996392	0.3561939999999595	0.2698489999997946	0.24374699999998484
0.3702690000000075	0.3687910000003285	0.26672400000006746	0.2547240000003512
0.5745029999998224	0.47954200000003766	